1       0.5292
2       0.3113
3       1.6282
4       1.0855
5       0.8141
6       0.6513
7       0.5427
8       0.4652
9       0.4071
10      0.3618
11      2.1649
12      1.6711
13      1.3607
14      1.1476
15      0.9922
16      0.8738
17      0.7807
18      0.7056
19      3.5598
20      2.7479
21      2.6106
22      2.4861
23      2.3732
24      2.2701 
25      2.1754
26      2.0885
27      2.008
28      1.9337
29      1.8648
30      1.8004
31      1.5663
32      1.3862
33      1.2431
34      1.1269
35      1.0305     
36      0.9493
37      4.8106
38      3.7135
39      3.5278
40      3.3598
41      3.2071
42      3.0677
43      2.9398
44      2.8222
45      2.7137
46      2.6132
47      2.5199
48      2.433
49      2.1167
50      1.8732
51      1.6799
52      1.5228
53      1.3926
54      1.2828
55      6.0615
56      4.678
57      3.8102
58      3.2133
59      2.778
60      2.4468
61      2.1861
62      1.9756
63      1.802
64      1.6565
65      1.5328
66      1.4262
67      1.3335
68      1.2521
69      1.1801
70      1.1159
71      1.0583
72      1.0079
73      0.9594
74      0.9165
75      0.8773
76      0.8413
77      0.8182
78      0.7776
79      0.7492
80      3.0636
81      2.667
82      2.3603
83      2.1167
84      1.9187
85      1.7546
86      1.6164
87      7.2404
88      5.5887
89      5.3091
90      5.0569
91      3.7042
92      3.2177
93      2.8443
94      2.3596
95      2.1525
96      2.1097
97      1.8308
98      1.7035
99      1.5928
100     1.4096
101     1.4096
102     1.3329
103     1.3164
