1       H       -26.8914235058      1.0
2       He      -18.5944829669      2.0
3       Li      -148.198398704      3.0
4       Be      -138.820790876      4.0
5       B       -132.386792971      3.0
6       C       -120.131830132      4.0
7       N       -101.898247097      5.0
8       O       -94.7654173296      6.0
9       F       -64.9479655969      7.0
10      Ne      -54.3059842593      8.0
11      Na      -184.246819216      9.0
12      Mg      -110.945381118      2.0
13      Al      -148.473033982      3.0
14      Si      -155.838446501      4.0
15      P       -147.104386345      5.0 
16      S       -152.960364316      6.0
17      Cl      -144.285774385      7.0
18      Ar      -189.361186712      8.0
19      K       -372.502958963      9.0
20      Ca      -351.835237437     10.0
21      Sc      -339.329026356     11.0
22      Ti      -310.296676584     12.0
23      V       -257.529346874     13.0  
24      Cr      -289.017483674     14.0
25      Mn      -284.296931957     15.0
26      Fe      -245.18232292      16.0
27      Co      -235.890482754     17.0
28      Ni      -210.164891572     18.0
29      Cu      -153.012421419     11.0
30      Zn      -166.47046918      12.0
31      Ga      -220.87141627      13.0
32      Ge      -237.984066388     14.0
33      As      -228.780902173     15.0
34      Se      -231.225811425     16.0
35      Br      -223.973742207     17.0
36      Kr      -159.625178317     8.0
37      Rb      -364.629958897     9.0
38      Sr      -462.058547423     10.0
39      Y       -457.807231111     11.0
40      Zr      -420.196433074     12.00
41      Nb      -406.934026003     13.0
42      Mo      -364.382577283     14.0
43      Tc      0.0                0.0
44      Ru      -308.880745649     16.0
45      Rh      -309.803426237     17.0
46      Pd      -267.745735506     14.0
47      Ag      -293.038764267     19.0
48      Cd      -318.192403648     20.0
49      In      -287.303428485     13.00
50      Sn      -314.238888333     14.0
51      Sb      -316.128248015     15.0
52      Te      -27.2305437813     6.0
53      I       -84.4737674394     7.0
54      Xe      -118.362467652     8.0
55      Cs      0.0                0.0
56      Ba      0.0                0.0
57      La      0.0                0.0
58      Ce      0.0                0.0
59      Pr      0.0                0.0
60      Nd      0.0                0.0
